80.0	 46.12	 +16.7	 -15.9	 +8.8	 -9.2	 +7.9	 -6.7
81.0	 45.04	 +16.7	 -15.8	 +8.8	 -9.1	 +7.9	 -6.7
82.0	 43.99	 +16.6	 -15.7	 +8.7	 -9.1	 +7.9	 -6.6
83.0	 42.99	 +16.6	 -15.6	 +8.7	 -9.0	 +7.9	 -6.6
84.0	 42.01	 +16.5	 -15.6	 +8.6	 -9.0	 +7.9	 -6.6
85.0	 41.07	 +16.5	 -15.6	 +8.6	 -9.0	 +7.9	 -6.6
86.0	 40.17	 +16.4	 -15.5	 +8.5	 -8.9	 +7.9	 -6.6
87.0	 39.29	 +16.4	 -15.5	 +8.5	 -8.9	 +7.9	 -6.6
88.0	 38.44	 +16.3	 -15.4	 +8.4	 -8.8	 +7.9	 -6.6
89.0	 37.62	 +16.2	 -15.4	 +8.4	 -8.8	 +7.8	 -6.6
90.0	 36.80	 +16.1	 -15.4	 +8.3	 -8.8	 +7.8	 -6.6
91.0	 36.05	 +16.1	 -15.3	 +8.3	 -8.7	 +7.8	 -6.6
92.0	 35.30	 +16.0	 -15.2	 +8.2	 -8.7	 +7.8	 -6.5
93.0	 34.58	 +16.0	 -15.2	 +8.2	 -8.7	 +7.8	 -6.5
94.0	 33.87	 +15.9	 -15.1	 +8.1	 -8.6	 +7.8	 -6.5
95.0	 33.19	 +15.9	 -15.1	 +8.1	 -8.6	 +7.8	 -6.5
96.0	 32.53	 +15.9	 -15.1	 +8.1	 -8.6	 +7.8	 -6.5
97.0	 31.89	 +15.8	 -15.0	 +8.0	 -8.5	 +7.8	 -6.5
98.0	 31.27	 +15.8	 -15.0	 +8.0	 -8.5	 +7.8	 -6.5
99.0	 30.66	 +15.8	 -15.0	 +8.0	 -8.5	 +7.8	 -6.5
100.0	 30.12	 +15.7	 -14.9	 +7.9	 -8.4	 +7.8	 -6.5
101.0	 29.55	 +15.7	 -14.9	 +7.9	 -8.4	 +7.8	 -6.5
102.0	 28.99	 +15.7	 -14.9	 +7.9	 -8.4	 +7.8	 -6.5
103.0	 28.44	 +15.6	 -14.9	 +7.8	 -8.4	 +7.8	 -6.5
104.0	 27.92	 +15.6	 -14.8	 +7.8	 -8.3	 +7.8	 -6.5
105.0	 27.39	 +15.5	 -14.8	 +7.8	 -8.3	 +7.7	 -6.5
106.0	 26.89	 +15.4	 -14.9	 +7.7	 -8.3	 +7.7	 -6.6
107.0	 26.42	 +15.4	 -14.9	 +7.7	 -8.3	 +7.7	 -6.6
108.0	 25.95	 +15.4	 -14.8	 +7.7	 -8.2	 +7.7	 -6.6
109.0	 25.49	 +15.3	 -14.9	 +7.6	 -8.2	 +7.7	 -6.7
110.0	 25.04	 +15.3	 -14.9	 +7.6	 -8.2	 +7.7	 -6.7
110.5	 24.82	 +15.3	 -14.9	 +7.6	 -8.2	 +7.7	 -6.7
111.0	 24.60	 +15.2	 -14.9	 +7.6	 -8.2	 +7.6	 -6.7
111.5	 24.39	 +15.1	 -14.8	 +7.5	 -8.1	 +7.6	 -6.7
112.0	 24.18	 +15.1	 -14.8	 +7.5	 -8.1	 +7.6	 -6.7
112.5	 23.97	 +15.1	 -14.8	 +7.5	 -8.1	 +7.6	 -6.7
113.0	 23.76	 +15.1	 -14.8	 +7.5	 -8.1	 +7.6	 -6.7
113.5	 23.56	 +15.1	 -14.9	 +7.5	 -8.1	 +7.6	 -6.8
114.0	 23.36	 +15.1	 -14.9	 +7.5	 -8.1	 +7.6	 -6.8
114.5	 23.16	 +15.1	 -14.9	 +7.5	 -8.1	 +7.6	 -6.8
115.0	 22.96	 +15.0	 -14.9	 +7.4	 -8.1	 +7.6	 -6.8
115.5	 22.77	 +15.0	 -14.8	 +7.4	 -8.0	 +7.6	 -6.8
116.0	 22.58	 +14.9	 -14.8	 +7.4	 -8.0	 +7.5	 -6.8
116.5	 22.39	 +14.9	 -14.8	 +7.4	 -8.0	 +7.5	 -6.8
117.0	 22.20	 +14.9	 -14.8	 +7.4	 -8.0	 +7.5	 -6.8
117.5	 22.02	 +14.9	 -14.8	 +7.4	 -8.0	 +7.5	 -6.8
118.0	 21.84	 +14.9	 -14.8	 +7.4	 -8.0	 +7.5	 -6.8
118.5	 21.66	 +14.8	 -14.8	 +7.3	 -8.0	 +7.5	 -6.8
119.0	 21.48	 +14.8	 -14.8	 +7.3	 -8.0	 +7.5	 -6.8
119.5	 21.31	 +14.8	 -14.8	 +7.3	 -8.0	 +7.5	 -6.8
120.0	 21.13	 +14.8	 -14.8	 +7.3	 -7.9	 +7.5	 -6.9
120.5	 20.96	 +14.8	 -14.8	 +7.3	 -7.9	 +7.5	 -6.9
121.0	 20.80	 +14.8	 -14.8	 +7.3	 -7.9	 +7.5	 -6.9
121.5	 20.63	 +14.8	 -14.8	 +7.3	 -7.9	 +7.5	 -6.9
122.0	 20.48	 +14.8	 -14.8	 +7.3	 -7.9	 +7.5	 -6.9
122.5	 20.31	 +14.7	 -14.8	 +7.2	 -7.9	 +7.5	 -6.9
123.0	 20.15	 +14.7	 -14.8	 +7.2	 -7.9	 +7.5	 -6.9
123.5	 19.99	 +14.7	 -14.8	 +7.2	 -7.9	 +7.5	 -6.9
124.0	 19.83	 +14.7	 -14.8	 +7.2	 -7.9	 +7.5	 -6.9
124.5	 19.68	 +14.7	 -14.8	 +7.2	 -7.9	 +7.5	 -6.9
125.0	 19.52	 +14.7	 -14.7	 +7.2	 -7.8	 +7.5	 -6.9
125.5	 19.37	 +14.7	 -14.7	 +7.2	 -7.8	 +7.5	 -6.9
126.0	 19.22	 +14.7	 -14.7	 +7.2	 -7.8	 +7.5	 -6.9
126.5	 19.07	 +14.7	 -14.7	 +7.2	 -7.8	 +7.5	 -6.9
127.0	 18.92	 +14.6	 -14.7	 +7.1	 -7.8	 +7.5	 -6.9
127.5	 18.78	 +14.6	 -14.7	 +7.1	 -7.8	 +7.5	 -6.9
128.0	 18.63	 +14.6	 -14.7	 +7.1	 -7.8	 +7.5	 -6.9
128.5	 18.49	 +14.6	 -14.7	 +7.1	 -7.8	 +7.5	 -6.9
129.0	 18.35	 +14.6	 -14.7	 +7.1	 -7.8	 +7.5	 -6.9
129.5	 18.21	 +14.6	 -14.7	 +7.1	 -7.8	 +7.5	 -6.9
130.0	 18.07	 +14.6	 -14.6	 +7.1	 -7.7	 +7.5	 -6.9
130.5	 17.94	 +14.6	 -14.6	 +7.1	 -7.7	 +7.5	 -6.9
131.0	 17.81	 +14.6	 -14.7	 +7.1	 -7.7	 +7.5	 -7.0
131.5	 17.68	 +14.5	 -14.7	 +7.0	 -7.7	 +7.5	 -7.0
132.0	 17.55	 +14.5	 -14.7	 +7.0	 -7.7	 +7.5	 -7.0
132.5	 17.42	 +14.5	 -14.7	 +7.0	 -7.7	 +7.5	 -7.0
133.0	 17.29	 +14.4	 -14.7	 +7.0	 -7.7	 +7.4	 -7.0
133.5	 17.16	 +14.4	 -14.7	 +7.0	 -7.7	 +7.4	 -7.0
134.0	 17.04	 +14.4	 -14.7	 +7.0	 -7.7	 +7.4	 -7.0
134.5	 16.92	 +14.4	 -14.7	 +7.0	 -7.7	 +7.4	 -7.0
135.0	 16.79	 +14.4	 -14.7	 +7.0	 -7.7	 +7.4	 -7.0
135.5	 16.67	 +14.4	 -14.6	 +7.0	 -7.6	 +7.4	 -7.0
136.0	 16.55	 +14.3	 -14.6	 +6.9	 -7.6	 +7.4	 -7.0
136.5	 16.43	 +14.3	 -14.6	 +6.9	 -7.6	 +7.4	 -7.0
137.0	 16.31	 +14.3	 -14.6	 +6.9	 -7.6	 +7.4	 -7.0
137.5	 16.20	 +14.3	 -14.6	 +6.9	 -7.6	 +7.4	 -7.0
138.0	 16.08	 +14.3	 -14.5	 +6.9	 -7.6	 +7.4	 -6.9
138.5	 15.96	 +14.3	 -14.5	 +6.9	 -7.6	 +7.4	 -6.9
139.0	 15.85	 +14.3	 -14.5	 +6.9	 -7.6	 +7.4	 -6.9
139.5	 15.74	 +14.3	 -14.5	 +6.9	 -7.6	 +7.4	 -6.9
140.0	 15.63	 +14.3	 -14.5	 +6.9	 -7.6	 +7.4	 -6.9
141.0	 15.42	 +14.1	 -14.5	 +6.8	 -7.6	 +7.3	 -6.9
142.0	 15.20	 +14.1	 -14.4	 +6.8	 -7.5	 +7.3	 -6.9
143.0	 15.00	 +14.1	 -14.4	 +6.8	 -7.5	 +7.3	 -6.9
144.0	 14.79	 +14.1	 -14.4	 +6.8	 -7.5	 +7.3	 -6.9
145.0	 14.59	 +14.1	 -14.4	 +6.8	 -7.5	 +7.3	 -6.9
146.0	 14.40	 +14.0	 -14.4	 +6.7	 -7.5	 +7.3	 -6.9
147.0	 14.21	 +14.0	 -14.4	 +6.7	 -7.5	 +7.3	 -6.9
148.0	 14.02	 +14.0	 -14.4	 +6.7	 -7.4	 +7.3	 -7.0
149.0	 13.83	 +14.1	 -14.4	 +6.7	 -7.4	 +7.4	 -7.0
150.0	 13.65	 +14.1	 -14.4	 +6.7	 -7.4	 +7.4	 -7.0
151.0	 13.47	 +14.1	 -14.4	 +6.7	 -7.4	 +7.4	 -7.0
152.0	 13.30	 +14.0	 -14.5	 +6.6	 -7.4	 +7.4	 -7.1
153.0	 13.13	 +14.1	 -14.5	 +6.6	 -7.4	 +7.5	 -7.1
154.0	 12.96	 +14.1	 -14.4	 +6.6	 -7.3	 +7.5	 -7.1
155.0	 12.79	 +14.1	 -14.4	 +6.6	 -7.3	 +7.5	 -7.1
156.0	 12.63	 +14.1	 -14.4	 +6.6	 -7.3	 +7.5	 -7.1
157.0	 12.47	 +14.1	 -14.4	 +6.6	 -7.3	 +7.5	 -7.1
158.0	 12.30	 +14.0	 -14.4	 +6.5	 -7.3	 +7.5	 -7.1
159.0	 12.13	 +14.0	 -14.4	 +6.5	 -7.3	 +7.5	 -7.1
160.0	 11.95	 +14.0	 -14.4	 +6.5	 -7.3	 +7.5	 -7.1
162.0	 11.48	 +14.0	 -14.4	 +6.5	 -7.2	 +7.5	 -7.2
164.0	 11.06	 +13.9	 -14.4	 +6.4	 -7.2	 +7.5	 -7.2
165.0	 10.89	 +13.9	 -14.5	 +6.4	 -7.2	 +7.5	 -7.3
166.0	 10.72	 +13.9	 -14.5	 +6.4	 -7.2	 +7.5	 -7.3
168.0	 10.40	 +13.9	 -14.5	 +6.4	 -7.2	 +7.5	 -7.3
170.0	 10.12	 +13.9	 -14.5	 +6.4	 -7.1	 +7.5	 -7.4
172.0	 9.849	 +13.8	 -14.5	 +6.3	 -7.1	 +7.5	 -7.4
174.0	 9.597	 +13.7	 -14.5	 +6.3	 -7.1	 +7.4	 -7.4
175.0	 9.476	 +13.7	 -14.5	 +6.3	 -7.1	 +7.4	 -7.4
176.0	 9.358	 +13.7	 -14.5	 +6.3	 -7.1	 +7.4	 -7.4
178.0	 9.123	 +13.7	 -14.5	 +6.3	 -7.0	 +7.4	 -7.5
180.0	 8.874	 +13.6	 -14.5	 +6.2	 -7.0	 +7.4	 -7.5
182.0	 8.638	 +13.6	 -14.5	 +6.2	 -7.0	 +7.4	 -7.5
184.0	 8.425	 +13.6	 -14.5	 +6.2	 -7.0	 +7.4	 -7.5
185.0	 8.326	 +13.6	 -14.5	 +6.2	 -7.0	 +7.4	 -7.5
186.0	 8.232	 +13.5	 -14.4	 +6.1	 -6.9	 +7.4	 -7.5
188.0	 8.050	 +13.5	 -14.4	 +6.1	 -6.9	 +7.4	 -7.5
190.0	 7.868	 +13.5	 -14.4	 +6.1	 -6.9	 +7.4	 -7.5
192.0	 7.685	 +13.5	 -14.5	 +6.1	 -6.9	 +7.4	 -7.6
194.0	 7.512	 +13.5	 -14.5	 +6.1	 -6.9	 +7.4	 -7.6
195.0	 7.433	 +13.5	 -14.5	 +6.1	 -6.9	 +7.4	 -7.6
196.0	 7.359	 +13.4	 -14.4	 +6.0	 -6.8	 +7.4	 -7.6
198.0	 7.233	 +13.4	 -14.5	 +6.0	 -6.8	 +7.4	 -7.7
200.0	 7.127	 +13.4	 -14.5	 +6.0	 -6.8	 +7.4	 -7.7
