90.0  6.12E-02  1.22E-03  0.00E+00  2.07E-03  4.17E-04  2.22E-03
95.0  6.74E-02  1.39E-03  4.48E-06  4.67E-03  6.65E-04  2.35E-03
100.0  7.36E-02  1.58E-03  4.93E-05  1.09E-02  1.12E-03  2.49E-03
105.0  7.95E-02  1.77E-03  1.71E-04  2.40E-02  2.13E-03  2.65E-03
110.0  8.45E-02  1.95E-03  3.91E-04  4.77E-02  4.34E-03  2.85E-03
110.5  8.49E-02  1.97E-03  4.18E-04  5.09E-02  4.67E-03  2.87E-03
111.0  8.53E-02  1.98E-03  4.47E-04  5.40E-02  5.00E-03  2.90E-03
111.5  8.56E-02  2.00E-03  4.76E-04  5.75E-02  5.38E-03  2.92E-03
112.0  8.60E-02  2.02E-03  5.07E-04  6.10E-02  5.76E-03  2.95E-03
112.5  8.63E-02  2.03E-03  5.39E-04  6.47E-02  6.17E-03  2.98E-03
113.0  8.66E-02  2.05E-03  5.72E-04  6.87E-02  6.62E-03  3.00E-03
113.5  8.69E-02  2.07E-03  6.05E-04  7.27E-02  7.08E-03  3.03E-03
114.0  8.72E-02  2.08E-03  6.39E-04  7.70E-02  7.58E-03  3.06E-03
114.5  8.74E-02  2.10E-03  6.74E-04  8.14E-02  8.10E-03  3.09E-03
115.0  8.76E-02  2.11E-03  7.10E-04  8.60E-02  8.65E-03  3.12E-03
115.5  8.78E-02  2.12E-03  7.46E-04  9.05E-02  9.21E-03  3.16E-03
116.0  8.80E-02  2.14E-03  7.84E-04  9.55E-02  9.83E-03  3.19E-03
116.5  8.81E-02  2.15E-03  8.22E-04  1.01E-01  1.05E-02  3.23E-03
117.0  8.82E-02  2.16E-03  8.61E-04  1.06E-01  1.12E-02  3.26E-03
117.5  8.83E-02  2.18E-03  9.00E-04  1.11E-01  1.19E-02  3.30E-03
118.0  8.83E-02  2.19E-03  9.40E-04  1.17E-01  1.26E-02  3.34E-03
118.5  8.83E-02  2.20E-03  9.81E-04  1.23E-01  1.34E-02  3.37E-03
119.0  8.83E-02  2.21E-03  1.02E-03  1.29E-01  1.42E-02  3.41E-03
119.5  8.84E-02  2.22E-03  1.06E-03  1.35E-01  1.50E-02  3.46E-03
120.0  8.82E-02  2.23E-03  1.11E-03  1.41E-01  1.59E-02  3.50E-03
120.5  8.82E-02  2.23E-03  1.15E-03  1.48E-01  1.68E-02  3.55E-03
121.0  8.80E-02  2.24E-03  1.19E-03  1.55E-01  1.77E-02  3.60E-03
121.5  8.79E-02  2.25E-03  1.23E-03  1.61E-01  1.87E-02  3.65E-03
122.0  8.77E-02  2.25E-03  1.28E-03  1.69E-01  1.97E-02  3.70E-03
122.5  8.74E-02  2.26E-03  1.32E-03  1.76E-01  2.07E-02  3.76E-03
123.0  8.71E-02  2.27E-03  1.36E-03  1.83E-01  2.18E-02  3.82E-03
123.5  8.68E-02  2.28E-03  1.41E-03  1.91E-01  2.29E-02  3.88E-03
124.0  8.65E-02  2.28E-03  1.45E-03  1.98E-01  2.40E-02  3.94E-03
124.5  8.61E-02  2.28E-03  1.49E-03  2.07E-01  2.52E-02  4.00E-03
125.0  8.57E-02  2.28E-03  1.54E-03  2.15E-01  2.64E-02  4.07E-03
125.5  8.52E-02  2.28E-03  1.58E-03  2.23E-01  2.76E-02  4.14E-03
126.0  8.48E-02  2.28E-03  1.62E-03  2.31E-01  2.89E-02  4.21E-03
126.5  8.42E-02  2.28E-03  1.66E-03  2.39E-01  3.02E-02  4.29E-03
127.0  8.37E-02  2.28E-03  1.70E-03  2.48E-01  3.15E-02  4.37E-03
127.5  8.31E-02  2.28E-03  1.75E-03  2.57E-01  3.28E-02  4.45E-03
128.0  8.25E-02  2.27E-03  1.79E-03  2.66E-01  3.42E-02  4.53E-03
128.5  8.19E-02  2.27E-03  1.83E-03  2.75E-01  3.56E-02  4.62E-03
129.0  8.12E-02  2.26E-03  1.87E-03  2.84E-01  3.70E-02  4.71E-03
129.5  8.05E-02  2.26E-03  1.90E-03  2.93E-01  3.84E-02  4.81E-03
130.0  7.97E-02  2.25E-03  1.95E-03  3.03E-01  3.98E-02  4.91E-03
130.5  7.90E-02  2.24E-03  1.99E-03  3.12E-01  4.13E-02  5.01E-03
131.0  7.82E-02  2.23E-03  2.01E-03  3.22E-01  4.28E-02  5.12E-03
131.5  7.73E-02  2.22E-03  2.06E-03  3.31E-01  4.42E-02  5.23E-03
132.0  7.65E-02  2.21E-03  2.09E-03  3.41E-01  4.57E-02  5.35E-03
132.5  7.56E-02  2.20E-03  2.13E-03  3.51E-01  4.72E-02  5.47E-03
133.0  7.47E-02  2.19E-03  2.16E-03  3.61E-01  4.87E-02  5.60E-03
133.5  7.37E-02  2.17E-03  2.19E-03  3.70E-01  5.02E-02  5.74E-03
134.0  7.28E-02  2.16E-03  2.22E-03  3.80E-01  5.17E-02  5.88E-03
134.5  7.18E-02  2.14E-03  2.25E-03  3.90E-01  5.32E-02  6.03E-03
135.0  7.08E-02  2.13E-03  2.27E-03  4.00E-01  5.47E-02  6.18E-03
135.5  6.97E-02  2.11E-03  2.30E-03  4.10E-01  5.62E-02  6.34E-03
136.0  6.87E-02  2.09E-03  2.32E-03  4.20E-01  5.77E-02  6.51E-03
136.5  6.76E-02  2.08E-03  2.34E-03  4.30E-01  5.91E-02  6.69E-03
137.0  6.65E-02  2.06E-03  2.36E-03  4.41E-01  6.06E-02  6.87E-03
137.5  6.54E-02  2.04E-03  2.38E-03  4.51E-01  6.20E-02  7.06E-03
138.0  6.43E-02  2.02E-03  2.40E-03  4.61E-01  6.34E-02  7.27E-03
138.5  6.32E-02  2.00E-03  2.42E-03  4.71E-01  6.48E-02  7.48E-03
139.0  6.20E-02  1.98E-03  2.43E-03  4.81E-01  6.61E-02  7.70E-03
139.5  6.08E-02  1.95E-03  2.45E-03  4.91E-01  6.75E-02  7.93E-03
140.0  5.97E-02  1.93E-03  2.46E-03  5.01E-01  6.87E-02  8.18E-03
141.0  5.72E-02  1.88E-03  2.48E-03  5.21E-01  7.12E-02  8.70E-03
142.0  5.48E-02  1.84E-03  2.49E-03  5.41E-01  7.35E-02  9.28E-03
143.0  5.23E-02  1.77E-03  2.49E-03  5.61E-01  7.56E-02  9.93E-03
144.0  4.99E-02  1.73E-03  2.49E-03  5.80E-01  7.75E-02  1.07E-02
145.0  4.74E-02  1.68E-03  2.48E-03  6.00E-01  7.91E-02  1.15E-02
146.0  4.48E-02  1.62E-03  2.46E-03  6.19E-01  8.05E-02  1.23E-02
147.0  4.22E-02  1.56E-03  2.44E-03  6.39E-01  8.16E-02  1.34E-02
148.0  3.96E-02  1.49E-03  2.39E-03  6.58E-01  8.24E-02  1.45E-02
149.0  3.72E-02  1.43E-03  2.36E-03  6.77E-01  8.26E-02  1.58E-02
150.0  3.46E-02  1.37E-03  2.31E-03  6.96E-01  8.25E-02  1.73E-02
151.0  3.20E-02  1.29E-03  2.24E-03  7.16E-01  8.19E-02  1.91E-02
152.0  2.95E-02  1.22E-03  2.19E-03  7.35E-01  8.08E-02  2.11E-02
153.0  2.69E-02  1.15E-03  2.11E-03  7.54E-01  7.90E-02  2.36E-02
154.0  2.44E-02  1.07E-03  2.02E-03  7.74E-01  7.66E-02  2.66E-02
155.0  2.18E-02  9.98E-04  1.91E-03  7.94E-01  7.34E-02  3.03E-02
156.0  1.92E-02  9.14E-04  1.79E-03  8.15E-01  6.92E-02  3.51E-02
157.0  1.65E-02  8.23E-04  1.65E-03  8.37E-01  6.40E-02  4.14E-02
158.0  1.39E-02  7.29E-04  1.50E-03  8.60E-01  5.76E-02  5.02E-02
159.0  1.12E-02  6.28E-04  1.33E-03  8.84E-01  4.99E-02  6.32E-02
160.0  8.65E-03  5.32E-04  1.16E-03  9.08E-01  4.15E-02  8.31E-02
162.0  5.04E-03  3.70E-04  8.41E-04  9.43E-01  2.82E-02  1.47E-01
164.0  3.54E-03  2.60E-04  6.06E-04  9.57E-01  2.31E-02  2.15E-01
165.0  3.13E-03  2.29E-04  5.42E-04  9.60E-01  2.21E-02  2.46E-01
166.0  2.85E-03  2.08E-04  5.00E-04  9.62E-01  2.18E-02  2.76E-01
168.0  2.46E-03  1.79E-04  4.40E-04  9.64E-01  2.22E-02  3.30E-01
170.0  2.20E-03  1.58E-04  4.00E-04  9.64E-01  2.36E-02  3.80E-01
172.0  2.01E-03  1.43E-04  3.70E-04  9.63E-01  2.61E-02  4.29E-01
174.0  1.88E-03  1.32E-04  3.48E-04  9.60E-01  2.98E-02  4.77E-01
175.0  1.82E-03  1.27E-04  3.38E-04  9.58E-01  3.23E-02  5.01E-01
176.0  1.76E-03  1.22E-04  3.29E-04  9.55E-01  3.54E-02  5.25E-01
178.0  1.65E-03  1.14E-04  3.12E-04  9.47E-01  4.44E-02  5.75E-01
180.0  1.56E-03  1.05E-04  2.96E-04  9.32E-01  6.02E-02  6.31E-01
182.0  1.44E-03  9.69E-05  2.76E-04  9.03E-01  9.00E-02  7.00E-01
184.0  1.32E-03  8.81E-05  2.54E-04  8.62E-01  1.31E-01  7.88E-01
185.0  1.27E-03  8.43E-05  2.44E-04  8.44E-01  1.50E-01  8.32E-01
186.0  1.23E-03  8.09E-05  2.35E-04  8.28E-01  1.66E-01  8.76E-01
188.0  1.16E-03  7.52E-05  2.22E-04  8.03E-01  1.91E-01  9.60E-01
190.0  1.10E-03  7.05E-05  2.11E-04  7.86E-01  2.09E-01  1.04E+00
192.0  1.05E-03  6.66E-05  2.02E-04  7.72E-01  2.23E-01  1.12E+00
194.0  1.01E-03  6.32E-05  1.94E-04  7.61E-01  2.34E-01  1.20E+00
195.0  9.94E-04  6.17E-05  1.90E-04  7.57E-01  2.39E-01  1.24E+00
196.0  9.79E-04  6.02E-05  1.87E-04  7.53E-01  2.43E-01  1.28E+00
198.0  9.51E-04  5.75E-05  1.81E-04  7.46E-01  2.50E-01  1.35E+00
200.0  9.26E-04  5.51E-05  1.75E-04  7.41E-01  2.55E-01  1.43E+00
