80.0	 2.424	 +2.9	 -3.3	 +0.2	 -0.3	 +2.7	 -3.0
81.0	 2.399	 +3.0	 -3.3	 +0.4	 -0.3	 +2.6	 -3.0
82.0	 2.364	 +2.9	 -3.1	 +0.3	 -0.3	 +2.6	 -2.8
83.0	 2.346	 +3.0	 -3.0	 +0.4	 -0.2	 +2.6	 -2.8
84.0	 2.326	 +2.9	 -3.0	 +0.3	 -0.2	 +2.6	 -2.8
85.0	 2.300	 +2.9	 -3.0	 +0.3	 -0.2	 +2.6	 -2.8
86.0	 2.283	 +2.9	 -3.0	 +0.3	 -0.2	 +2.6	 -2.8
87.0	 2.258	 +2.9	 -3.2	 +0.3	 -0.3	 +2.6	 -2.9
88.0	 2.240	 +2.8	 -3.2	 +0.2	 -0.3	 +2.6	 -2.9
89.0	 2.209	 +2.9	 -3.2	 +0.3	 -0.3	 +2.6	 -2.9
90.0	 2.191	 +2.9	 -2.9	 +0.3	 -0.2	 +2.6	 -2.7
91.0	 2.170	 +2.9	 -2.9	 +0.3	 -0.2	 +2.6	 -2.7
92.0	 2.153	 +2.8	 -3.2	 +0.2	 -0.3	 +2.6	 -2.9
93.0	 2.129	 +2.9	 -2.9	 +0.3	 -0.2	 +2.6	 -2.7
94.0	 2.108	 +2.9	 -2.9	 +0.3	 -0.2	 +2.6	 -2.7
95.0	 2.084	 +2.8	 -3.1	 +0.2	 -0.2	 +2.6	 -2.9
96.0	 2.068	 +2.9	 -3.1	 +0.3	 -0.2	 +2.6	 -2.9
97.0	 2.046	 +2.9	 -3.0	 +0.3	 -0.3	 +2.6	 -2.7
98.0	 2.027	 +2.9	 -3.1	 +0.3	 -0.2	 +2.6	 -2.9
99.0	 2.004	 +2.8	 -3.1	 +0.2	 -0.2	 +2.6	 -2.9
100.0	 1.988	 +2.8	 -3.1	 +0.2	 -0.2	 +2.6	 -2.9
101.0	 1.967	 +2.9	 -3.1	 +0.3	 -0.2	 +2.6	 -2.9
102.0	 1.945	 +2.7	 -3.0	 +0.2	 -0.2	 +2.5	 -2.8
103.0	 1.933	 +2.8	 -3.0	 +0.2	 -0.2	 +2.6	 -2.8
104.0	 1.914	 +2.8	 -3.1	 +0.2	 -0.2	 +2.6	 -2.9
105.0	 1.897	 +2.8	 -3.0	 +0.3	 -0.2	 +2.5	 -2.8
106.0	 1.877	 +2.8	 -3.0	 +0.3	 -0.2	 +2.5	 -2.8
107.0	 1.862	 +2.7	 -3.0	 +0.2	 -0.2	 +2.5	 -2.8
108.0	 1.841	 +2.7	 -3.0	 +0.2	 -0.2	 +2.5	 -2.8
109.0	 1.826	 +2.8	 -3.0	 +0.3	 -0.2	 +2.5	 -2.8
110.0	 1.809	 +2.7	 -3.0	 +0.2	 -0.2	 +2.5	 -2.8
110.5	 1.799	 +2.7	 -2.8	 +0.2	 -0.2	 +2.5	 -2.6
111.0	 1.791	 +2.7	 -3.0	 +0.2	 -0.2	 +2.5	 -2.8
111.5	 1.784	 +2.7	 -3.0	 +0.2	 -0.2	 +2.5	 -2.8
112.0	 1.780	 +2.7	 -3.0	 +0.2	 -0.2	 +2.5	 -2.8
112.5	 1.771	 +2.8	 -3.0	 +0.2	 -0.2	 +2.6	 -2.8
113.0	 1.764	 +2.8	 -3.0	 +0.3	 -0.2	 +2.5	 -2.8
113.5	 1.753	 +2.8	 -3.0	 +0.2	 -0.2	 +2.6	 -2.8
114.0	 1.743	 +2.7	 -3.0	 +0.2	 -0.2	 +2.5	 -2.8
114.5	 1.735	 +2.7	 -3.0	 +0.2	 -0.2	 +2.5	 -2.8
115.0	 1.729	 +2.7	 -3.0	 +0.2	 -0.2	 +2.5	 -2.8
115.5	 1.719	 +2.8	 -3.0	 +0.2	 -0.2	 +2.6	 -2.8
116.0	 1.714	 +2.8	 -3.0	 +0.2	 -0.2	 +2.6	 -2.8
116.5	 1.704	 +2.8	 -3.0	 +0.2	 -0.2	 +2.6	 -2.8
117.0	 1.699	 +2.7	 -3.0	 +0.2	 -0.2	 +2.5	 -2.8
117.5	 1.688	 +2.8	 -3.0	 +0.2	 -0.2	 +2.6	 -2.8
118.0	 1.683	 +2.9	 -3.0	 +0.3	 -0.2	 +2.6	 -2.8
118.5	 1.675	 +2.8	 -3.0	 +0.2	 -0.2	 +2.6	 -2.8
119.0	 1.666	 +2.9	 -3.0	 +0.3	 -0.2	 +2.6	 -2.8
119.5	 1.659	 +2.8	 -3.0	 +0.2	 -0.2	 +2.6	 -2.8
120.0	 1.649	 +2.8	 -3.0	 +0.2	 -0.2	 +2.6	 -2.8
120.5	 1.643	 +2.8	 -2.9	 +0.2	 -0.1	 +2.6	 -2.8
121.0	 1.636	 +2.8	 -3.0	 +0.2	 -0.2	 +2.6	 -2.8
121.5	 1.631	 +2.8	 -3.0	 +0.2	 -0.2	 +2.6	 -2.8
122.0	 1.623	 +2.9	 -3.0	 +0.3	 -0.2	 +2.6	 -2.8
122.5	 1.615	 +2.8	 -3.0	 +0.2	 -0.2	 +2.6	 -2.8
123.0	 1.608	 +2.8	 -3.0	 +0.2	 -0.2	 +2.6	 -2.8
123.5	 1.598	 +2.8	 -3.0	 +0.2	 -0.2	 +2.6	 -2.8
124.0	 1.595	 +2.9	 -3.0	 +0.3	 -0.2	 +2.6	 -2.8
124.5	 1.587	 +2.8	 -3.0	 +0.2	 -0.2	 +2.6	 -2.8
125.0	 1.578	 +2.8	 -3.0	 +0.2	 -0.2	 +2.6	 -2.8
125.5	 1.573	 +2.8	 -3.0	 +0.2	 -0.2	 +2.6	 -2.8
126.0	 1.568	 +2.9	 -2.9	 +0.3	 -0.1	 +2.6	 -2.8
126.5	 1.558	 +2.8	 -2.9	 +0.2	 -0.2	 +2.6	 -2.7
127.0	 1.552	 +2.9	 -2.9	 +0.3	 -0.2	 +2.6	 -2.7
127.5	 1.543	 +2.8	 -2.9	 +0.2	 -0.2	 +2.6	 -2.7
128.0	 1.540	 +2.8	 -2.9	 +0.2	 -0.2	 +2.6	 -2.7
128.5	 1.531	 +2.8	 -2.9	 +0.2	 -0.2	 +2.6	 -2.7
129.0	 1.525	 +2.8	 -2.9	 +0.2	 -0.2	 +2.6	 -2.7
129.5	 1.513	 +2.8	 -2.9	 +0.2	 -0.2	 +2.6	 -2.7
130.0	 1.511	 +2.8	 -2.9	 +0.2	 -0.2	 +2.6	 -2.7
130.5	 1.504	 +2.8	 -2.9	 +0.2	 -0.2	 +2.6	 -2.7
131.0	 1.497	 +2.8	 -2.9	 +0.2	 -0.2	 +2.6	 -2.7
131.5	 1.492	 +2.8	 -2.9	 +0.2	 -0.2	 +2.6	 -2.7
132.0	 1.485	 +2.8	 -2.8	 +0.2	 -0.1	 +2.6	 -2.7
132.5	 1.479	 +2.8	 -2.9	 +0.2	 -0.2	 +2.6	 -2.7
133.0	 1.473	 +2.8	 -2.9	 +0.2	 -0.2	 +2.6	 -2.7
133.5	 1.466	 +2.8	 -2.9	 +0.2	 -0.2	 +2.6	 -2.7
134.0	 1.462	 +2.8	 -2.9	 +0.2	 -0.2	 +2.6	 -2.7
134.5	 1.455	 +2.8	 -2.9	 +0.2	 -0.2	 +2.6	 -2.7
135.0	 1.448	 +2.8	 -2.9	 +0.2	 -0.2	 +2.6	 -2.7
135.5	 1.444	 +2.8	 -2.9	 +0.2	 -0.2	 +2.6	 -2.7
136.0	 1.436	 +2.8	 -2.9	 +0.3	 -0.2	 +2.5	 -2.7
136.5	 1.429	 +2.8	 -2.9	 +0.2	 -0.2	 +2.6	 -2.7
137.0	 1.423	 +2.7	 -2.9	 +0.2	 -0.2	 +2.5	 -2.7
137.5	 1.417	 +2.7	 -2.9	 +0.2	 -0.2	 +2.5	 -2.7
138.0	 1.412	 +2.8	 -2.9	 +0.2	 -0.2	 +2.6	 -2.7
138.5	 1.407	 +2.8	 -2.9	 +0.2	 -0.2	 +2.6	 -2.7
139.0	 1.400	 +2.7	 -2.9	 +0.2	 -0.2	 +2.5	 -2.7
139.5	 1.396	 +2.7	 -2.9	 +0.2	 -0.2	 +2.5	 -2.7
140.0	 1.389	 +2.7	 -2.9	 +0.2	 -0.2	 +2.5	 -2.7
141.0	 1.377	 +2.7	 -2.9	 +0.2	 -0.2	 +2.5	 -2.7
142.0	 1.365	 +2.7	 -2.9	 +0.2	 -0.2	 +2.5	 -2.7
143.0	 1.354	 +2.7	 -2.9	 +0.2	 -0.2	 +2.5	 -2.7
144.0	 1.344	 +2.7	 -2.9	 +0.2	 -0.2	 +2.5	 -2.7
145.0	 1.333	 +2.8	 -2.8	 +0.3	 -0.1	 +2.5	 -2.7
146.0	 1.321	 +2.7	 -2.8	 +0.2	 -0.1	 +2.5	 -2.7
147.0	 1.311	 +2.7	 -2.8	 +0.2	 -0.1	 +2.5	 -2.7
148.0	 1.302	 +2.8	 -2.8	 +0.3	 -0.1	 +2.5	 -2.7
149.0	 1.291	 +2.7	 -2.8	 +0.2	 -0.1	 +2.5	 -2.7
150.0	 1.280	 +2.8	 -2.9	 +0.3	 -0.2	 +2.5	 -2.7
151.0	 1.268	 +2.7	 -2.9	 +0.2	 -0.2	 +2.5	 -2.7
152.0	 1.259	 +2.7	 -2.8	 +0.2	 -0.1	 +2.5	 -2.7
153.0	 1.250	 +2.8	 -2.8	 +0.3	 -0.1	 +2.5	 -2.7
154.0	 1.240	 +2.7	 -2.8	 +0.2	 -0.1	 +2.5	 -2.7
155.0	 1.231	 +2.7	 -2.9	 +0.2	 -0.2	 +2.5	 -2.7
156.0	 1.222	 +2.7	 -2.7	 +0.2	 -0.1	 +2.5	 -2.6
157.0	 1.212	 +2.7	 -2.8	 +0.2	 -0.2	 +2.5	 -2.6
158.0	 1.204	 +2.7	 -2.8	 +0.2	 -0.2	 +2.5	 -2.6
159.0	 1.194	 +2.8	 -2.7	 +0.3	 -0.1	 +2.5	 -2.6
160.0	 1.185	 +2.7	 -2.7	 +0.2	 -0.1	 +2.5	 -2.6
162.0	 1.171	 +2.7	 -2.7	 +0.2	 -0.1	 +2.5	 -2.6
164.0	 1.152	 +2.7	 -2.7	 +0.2	 -0.1	 +2.5	 -2.6
165.0	 1.141	 +2.8	 -2.7	 +0.2	 -0.1	 +2.6	 -2.6
166.0	 1.132	 +2.8	 -2.7	 +0.2	 -0.1	 +2.6	 -2.6
168.0	 1.114	 +2.8	 -2.7	 +0.2	 -0.1	 +2.6	 -2.6
170.0	 1.098	 +2.8	 -2.7	 +0.2	 -0.1	 +2.6	 -2.6
172.0	 1.080	 +2.8	 -2.7	 +0.2	 -0.1	 +2.6	 -2.6
174.0	 1.062	 +2.8	 -2.7	 +0.2	 -0.1	 +2.6	 -2.6
175.0	 1.055	 +2.8	 -2.7	 +0.2	 -0.1	 +2.6	 -2.6
176.0	 1.047	 +2.8	 -2.7	 +0.2	 -0.1	 +2.6	 -2.6
178.0	 1.031	 +2.8	 -2.7	 +0.2	 -0.1	 +2.6	 -2.6
180.0	 1.015	 +2.9	 -2.7	 +0.3	 -0.1	 +2.6	 -2.6
182.0	 0.9980	 +2.8	 -2.7	 +0.3	 -0.1	 +2.5	 -2.6
184.0	 0.9830	 +2.7	 -2.7	 +0.2	 -0.1	 +2.5	 -2.6
185.0	 0.9760	 +2.7	 -2.7	 +0.2	 -0.1	 +2.5	 -2.6
186.0	 0.9690	 +2.7	 -2.7	 +0.2	 -0.1	 +2.5	 -2.6
188.0	 0.9536	 +2.8	 -2.7	 +0.3	 -0.1	 +2.5	 -2.6
190.0	 0.9387	 +2.8	 -2.6	 +0.3	 -0.1	 +2.5	 -2.5
192.0	 0.9238	 +2.7	 -2.6	 +0.2	 -0.1	 +2.5	 -2.5
194.0	 0.9090	 +2.8	 -2.6	 +0.3	 -0.1	 +2.5	 -2.5
195.0	 0.9018	 +2.7	 -2.6	 +0.2	 -0.1	 +2.5	 -2.5
196.0	 0.8953	 +2.8	 -2.8	 +0.3	 -0.1	 +2.5	 -2.7
198.0	 0.8819	 +2.8	 -2.6	 +0.3	 -0.1	 +2.5	 -2.5
200.0	 0.8685	 +2.8	 -2.8	 +0.3	 -0.1	 +2.5	 -2.7
